51 16 1
51 23 1
51 84 1
51 24 1
51 46 1
62 23 1
62 9 1
62 81 1
62 77 1
62 25 1
62 46 1
62 44 1
62 59 1
16 51 1
16 84 1
16 24 1
16 46 1
5 84 1
5 34 1
1 34 1
1 45 1
23 51 1
23 62 1
23 81 1
23 57 1
23 61 1
23 25 1
23 70 1
23 29 1
23 84 1
23 34 1
23 32 1
23 38 1
23 46 1
23 64 1
23 41 1
23 50 1
23 91 1
23 85 1
23 30 1
9 62 1
9 25 1
9 46 1
47 25 1
47 89 1
81 62 1
81 23 1
81 25 1
81 46 1
20 25 1
10 25 1
57 23 1
57 25 1
57 59 1
57 64 1
57 41 1
100 25 1
80 79 1
80 92 1
80 105 1
77 62 1
61 23 1
61 25 1
61 25 1
61 96 1
17 34 1
17 32 1
78 62 1
78 84 1
78 84 1
78 34 1
78 32 1
56 86 1
13 89 1
25 62 1
25 23 1
25 9 1
25 47 1
25 81 1
25 20 1
25 10 1
25 57 1
25 100 1
25 61 1
25 46 1
25 59 1
25 93 1
25 79 1
25 65 1
25 3 1
25 42 1
25 89 1
49 63 1
70 23 1
70 32 1
29 23 1
29 34 1
29 50 1
29 85 1
29 7 1
2 64 1
2 41 1
2 71 1
2 69 1
84 51 1
84 16 1
84 5 1
84 23 1
84 78 1
84 38 1
84 24 1
84 46 1
84 48 1
84 74 1
84 7 1
84 101 1
34 5 1
34 1 1
34 23 1
34 29 1
34 45 1
34 83 1
34 106 1
34 26 1
34 7 1
34 63 1
32 23 1
32 70 1
38 23 1
38 84 1
38 46 1
38 64 1
14 46 1
4 69 1
4 11 1
73 39 1
73 41 1
73 54 1
73 75 1
73 43 1
73 69 1
73 35 1
52 76 1
52 90 1
52 35 1
82 94 1
82 69 1
82 11 1
97 75 1
97 11 1
45 1 1
45 34 1
45 104 1
45 69 1
45 35 1
76 52 1
76 94 1
76 69 1
76 90 1
55 102 1
55 88 1
98 43 1
98 90 1
95 64 1
95 41 1
95 6 1
95 53 1
95 12 1
95 54 1
95 69 1
95 11 1
95 33 1
8 75 1
8 90 1
24 51 1
24 16 1
24 84 1
24 46 1
24 46 1
31 11 1
27 41 1
27 94 1
46 51 1
46 62 1
46 62 1
46 16 1
46 23 1
46 9 1
46 81 1
46 25 1
46 25 1
46 84 1
46 38 1
46 14 1
46 24 1
46 44 1
46 94 1
44 62 1
44 46 1
44 46 1
59 62 1
59 57 1
59 25 1
37 54 1
37 43 1
37 88 1
37 11 1
28 6 1
93 25 1
93 79 1
39 73 1
64 23 1
64 57 1
64 2 1
64 38 1
64 95 1
64 54 1
41 23 1
41 57 1
41 2 1
41 73 1
41 95 1
41 71 1
41 6 1
41 53 1
41 54 1
41 69 1
41 11 1
41 99 1
50 23 1
50 29 1
91 23 1
85 23 1
85 29 1
58 72 1
60 32 1
71 2 1
71 41 1
71 69 1
96 61 1
79 80 1
79 25 1
79 93 1
79 93 1
79 92 1
79 105 1
79 105 1
79 89 1
79 89 1
48 84 1
48 74 1
65 25 1
74 84 1
74 48 1
92 80 1
92 79 1
92 105 1
68 87 1
87 68 1
30 23 1
30 23 1
18 87 1
83 34 1
83 34 1
106 34 1
106 34 1
26 34 1
26 34 1
7 29 1
7 84 1
7 34 1
63 49 1
63 34 1
103 43 1
103 11 1
94 82 1
94 76 1
94 54 1
94 75 1
94 43 1
94 69 1
94 88 1
94 11 1
94 33 1
94 36 1
94 90 1
94 21 1
6 95 1
6 28 1
6 41 1
6 54 1
19 54 1
53 95 1
53 41 1
53 54 1
12 95 1
12 54 1
12 69 1
105 80 1
105 79 1
105 92 1
102 55 1
102 54 1
102 75 1
102 69 1
102 88 1
102 11 1
15 69 1
15 88 1
15 11 1
22 90 1
104 45 1
101 84 1
3 25 1
42 25 1
89 47 1
89 13 1
89 25 1
89 79 1
86 56 1
67 40 1
67 69 1
67 88 1
67 11 1
67 33 1
67 90 1
67 66 1
54 73 1
54 95 1
54 37 1
54 64 1
54 41 1
54 94 1
54 6 1
54 19 1
54 53 1
54 12 1
54 102 1
54 75 1
40 67 1
40 69 1
40 88 1
40 11 1
40 33 1
40 90 1
40 66 1
75 73 1
75 97 1
75 8 1
75 94 1
75 102 1
75 54 1
43 73 1
43 98 1
43 37 1
43 103 1
43 94 1
69 2 1
69 4 1
69 73 1
69 82 1
69 45 1
69 76 1
69 95 1
69 41 1
69 71 1
69 94 1
69 12 1
69 102 1
69 15 1
69 67 1
69 40 1
69 88 1
69 11 1
69 33 1
69 90 1
69 66 1
88 55 1
88 37 1
88 94 1
88 102 1
88 15 1
88 67 1
88 40 1
88 69 1
88 11 1
88 33 1
88 90 1
88 66 1
11 4 1
11 82 1
11 97 1
11 95 1
11 31 1
11 37 1
11 41 1
11 103 1
11 94 1
11 102 1
11 15 1
11 67 1
11 40 1
11 69 1
11 88 1
11 33 1
11 90 1
11 66 1
33 95 1
33 94 1
33 67 1
33 40 1
33 69 1
33 88 1
33 11 1
33 90 1
33 66 1
36 94 1
90 52 1
90 76 1
90 98 1
90 8 1
90 94 1
90 22 1
90 67 1
90 40 1
90 69 1
90 88 1
90 11 1
90 33 1
90 66 1
35 73 1
35 52 1
35 45 1
66 67 1
66 40 1
66 69 1
66 88 1
66 11 1
66 33 1
66 90 1
99 41 1
