4 22 1
48 28 1
38 25 1
37 3 1
10 38 1
30 3 1
35 31 1
20 9 1
16 3 1
35 36 1
20 10 1
14 22 1
25 3 1
27 20 1
26 12 1
44 31 1
31 21 1
1 29 1
19 41 1
5 20 1
4 36 1
45 4 1
2 31 1
20 13 1
36 12 1
23 20 1
11 2 1
4 31 1
9 3 1
20 7 1
6 34 1
39 9 1
20 37 1
20 30 1
20 34 1
18 2 1
29 20 1
20 17 1
33 31 1
2 47 1
10 12 1
24 12 1
36 33 1
32 12 1
18 41 1
11 28 1
4 24 1
20 16 1
20 38 1
9 44 1
2 38 1
4 21 1
16 6 1
4 40 1
46 7 1
8 42 1
8 20 1
43 6 1
45 36 1
36 31 1
11 41 1
12 21 1
20 22 1
37 33 1
26 31 1
7 3 1
20 15 1
17 34 1
20 35 1
35 34 1
39 2 1
22 34 1
10 36 1
4 3 1
20 33 1
15 22 1
12 33 1
26 2 1
40 7 1
34 38 1
24 21 1
10 31 1
11 26 1
28 20 1
42 20 1
20 32 1
7 44 1
2 36 1
12 31 1
20 14 1
20 36 1
36 21 1
20 47 1
41 20 1
44 12 1
9 38 1
37 12 1
10 33 1
20 44 1
20 3 1
45 24 1
47 34 1
20 24 1
35 12 1
35 33 1
33 21 1
47 4 1
39 18 1
47 24 1
42 1 1
20 2 1
4 12 1
20 4 1
20 45 1
20 31 1
2 12 1
20 12 1
20 43 1
40 46 1
32 38 1
44 36 1
20 6 1
