49 95 1
53 81 1
81 45 1
81 95 1
53 13 1
13 33 1
92 81 1
92 6 1
6 45 1
6 95 1
49 81 1
49 93 1
93 56 1
89 98 1
98 81 1
89 29 1
29 13 1
89 16 1
16 15 1
15 64 1
53 51 1
51 81 1
51 13 1
51 47 1
47 45 1
53 48 1
48 81 1
48 13 1
81 6 1
81 97 1
97 95 1
97 33 1
81 13 1
81 47 1
53 7 1
7 6 1
13 81 1
13 97 1
13 47 1
13 26 1
26 95 1
53 8 1
8 13 1
53 94 1
94 59 1
59 36 1
53 78 1
78 13 1
53 23 1
23 81 1
23 13 1
53 73 1
73 13 1
73 26 1
92 98 1
92 19 1
19 6 1
92 7 1
6 81 1
92 77 1
77 6 1
92 79 1
79 81 1
92 50 1
50 93 1
92 44 1
44 93 1
79 97 1
79 13 1
92 22 1
22 81 1
92 12 1
12 97 1
12 13 1
92 75 1
75 93 1
92 71 1
71 81 1
92 29 1
92 58 1
58 13 1
92 37 1
37 13 1
92 82 1
82 13 1
92 30 1
30 13 1
92 8 1
92 70 1
70 6 1
92 38 1
38 59 1
92 52 1
52 6 1
92 99 1
99 81 1
92 25 1
25 6 1
92 24 1
24 6 1
92 65 1
65 59 1
92 39 1
39 59 1
92 3 1
3 15 1
92 73 1
49 40 1
40 81 1
49 71 1
49 60 1
60 13 1
60 59 1
49 99 1
49 87 1
87 81 1
87 13 1
87 47 1
66 22 1
85 51 1
20 62 1
62 59 1
85 29 1
85 69 1
69 59 1
67 7 1
80 16 1
18 98 1
18 71 1
18 99 1
92 43 1
43 45 1
43 95 1
49 42 1
42 33 1
98 14 1
14 45 1
89 1 1
1 86 1
86 36 1
80 55 1
55 4 1
4 64 1
71 86 1
92 1 1
92 84 1
84 59 1
92 28 1
28 14 1
28 86 1
99 27 1
27 95 1
99 86 1
90 1 1
42 86 1
85 32 1
32 13 1
32 59 1
85 83 1
83 13 1
85 31 1
31 13 1
85 1 1
85 28 1
85 17 1
17 86 1
67 1 1
66 2 1
2 59 1
3 57 1
57 74 1
99 14 1
90 11 1
11 86 1
49 17 1
20 9 1
9 14 1
85 68 1
68 15 1
67 91 1
91 86 1
72 11 1
85 5 1
5 14 1
85 96 1
96 14 1
32 14 1
83 14 1
83 86 1
85 46 1
46 14 1
85 35 1
35 86 1
85 21 1
21 14 1
21 86 1
85 34 1
34 86 1
85 61 1
61 14 1
85 10 1
10 86 1
85 63 1
63 14 1
85 41 1
41 95 1
85 76 1
76 95 1
85 88 1
88 86 1
66 54 1
54 13 1
51 56 1
51 33 1
48 33 1
53 97 1
22 95 1
92 97 1
