17 104 1
83 88 1
87 47 1
37 5 1
69 16 1
19 4 1
25 83 1
3 90 1
83 9 1
45 83 1
83 30 1
40 92 1
16 79 1
6 9 1
83 6 1
83 93 1
83 61 1
29 61 1
58 94 1
59 10 1
83 57 1
101 79 1
11 69 1
30 34 1
84 80 1
85 83 1
30 15 1
3 47 1
83 98 1
100 30 1
90 8 1
22 52 1
5 74 1
64 94 1
30 8 1
41 36 1
84 101 1
83 17 1
94 74 1
11 80 1
102 40 1
86 22 1
27 18 1
99 21 1
93 62 1
94 15 1
104 70 1
103 38 1
66 48 1
75 91 1
19 40 1
39 10 1
101 22 1
73 2 1
46 11 1
18 22 1
84 43 1
12 41 1
83 87 1
101 81 1
93 44 1
23 47 1
83 72 1
86 23 1
95 18 1
46 21 1
34 74 1
83 70 1
37 75 1
55 50 1
43 81 1
27 79 1
83 7 1
83 86 1
82 55 1
97 37 1
26 35 1
100 52 1
20 38 1
29 42 1
30 92 1
29 102 1
29 54 1
20 10 1
83 41 1
52 30 1
73 35 1
57 100 1
4 44 1
86 41 1
83 12 1
5 30 1
83 95 1
60 38 1
29 32 1
80 79 1
69 81 1
46 27 1
71 65 1
83 100 1
54 83 1
83 38 1
83 68 1
84 89 1
54 38 1
52 74 1
27 13 1
84 99 1
83 31 1
90 19 1
52 19 1
96 103 1
99 81 1
84 69 1
14 46 1
28 69 1
83 55 1
88 40 1
46 80 1
4 93 1
102 83 1
29 20 1
36 74 1
83 63 1
102 10 1
76 22 1
83 90 1
83 52 1
95 38 1
42 65 1
86 96 1
75 22 1
92 74 1
30 31 1
83 10 1
75 81 1
46 76 1
46 13 1
14 26 1
21 67 1
12 23 1
28 83 1
83 66 1
28 22 1
22 94 1
80 81 1
83 74 1
29 25 1
36 23 1
83 34 1
76 16 1
9 74 1
80 16 1
29 85 1
75 52 1
64 30 1
69 18 1
83 19 1
34 7 1
23 70 1
94 31 1
77 11 1
11 43 1
52 31 1
83 56 1
76 83 1
80 83 1
83 96 1
46 99 1
22 74 1
52 58 1
83 92 1
53 31 1
50 70 1
67 69 1
80 37 1
20 57 1
75 83 1
58 7 1
69 79 1
99 18 1
58 19 1
67 76 1
83 3 1
46 101 1
25 38 1
11 101 1
83 62 1
81 55 1
52 64 1
29 59 1
80 18 1
83 82 1
84 37 1
83 40 1
83 65 1
79 75 1
78 34 1
99 79 1
43 16 1
29 75 1
30 7 1
75 92 1
94 34 1
38 7 1
2 31 1
45 38 1
46 69 1
18 81 1
11 37 1
27 37 1
28 16 1
84 13 1
55 61 1
40 96 1
95 81 1
67 101 1
37 49 1
75 74 1
12 36 1
86 36 1
27 97 1
29 60 1
99 83 1
75 66 1
5 75 1
22 58 1
30 74 1
65 15 1
24 2 1
70 7 1
83 47 1
47 96 1
101 16 1
61 9 1
69 83 1
27 16 1
69 22 1
32 10 1
104 7 1
101 83 1
83 15 1
39 38 1
33 40 1
83 35 1
5 64 1
83 23 1
27 83 1
19 74 1
65 23 1
29 45 1
55 96 1
99 22 1
83 104 1
78 7 1
29 39 1
31 96 1
45 57 1
13 75 1
75 30 1
19 78 1
76 81 1
67 77 1
52 94 1
29 71 1
94 70 1
65 30 1
50 90 1
35 72 1
22 30 1
91 22 1
84 97 1
13 29 1
49 82 1
43 22 1
46 43 1
86 19 1
83 64 1
9 30 1
64 74 1
28 81 1
54 10 1
46 28 1
11 28 1
84 27 1
72 103 1
101 18 1
18 68 1
21 11 1
83 73 1
65 51 1
43 79 1
27 81 1
20 83 1
79 91 1
8 94 1
15 48 1
11 27 1
83 53 1
83 33 1
66 82 1
100 74 1
22 55 1
67 43 1
9 52 1
14 27 1
83 8 1
16 22 1
56 62 1
24 80 1
102 86 1
34 36 1
74 70 1
67 28 1
83 36 1
16 81 1
39 83 1
11 76 1
80 22 1
100 94 1
82 30 1
47 92 1
76 18 1
11 13 1
75 55 1
7 62 1
83 1 1
43 18 1
10 68 1
76 79 1
67 37 1
14 84 1
21 69 1
89 37 1
84 28 1
84 21 1
43 83 1
61 90 1
47 70 1
28 18 1
41 23 1
27 22 1
83 103 1
19 17 1
30 94 1
84 76 1
83 78 1
100 55 1
28 79 1
72 31 1
40 2 1
68 12 1
19 7 1
1 90 1
98 61 1
74 31 1
19 62 1
79 5 1
59 83 1
13 91 1
86 7 1
75 86 1
99 16 1
52 62 1
59 38 1
83 94 1
68 86 1
47 73 1
46 37 1
45 10 1
26 5 1
25 10 1
19 92 1
27 89 1
19 30 1
