24 46 1
3 7 1
7 27 1
7 46 1
3 30 1
30 31 1
10 7 1
10 1 1
1 27 1
1 46 1
24 7 1
24 8 1
8 19 1
14 35 1
35 7 1
14 20 1
20 30 1
14 41 1
41 51 1
51 11 1
3 12 1
12 7 1
12 30 1
12 28 1
28 27 1
3 25 1
25 7 1
25 30 1
7 1 1
7 15 1
15 46 1
15 31 1
7 30 1
7 28 1
3 50 1
50 1 1
30 7 1
30 15 1
30 28 1
30 21 1
21 46 1
3 16 1
16 30 1
3 32 1
32 13 1
13 38 1
3 48 1
48 30 1
3 18 1
18 7 1
18 30 1
3 29 1
29 30 1
29 21 1
10 35 1
10 17 1
17 1 1
10 50 1
1 7 1
10 4 1
4 1 1
10 22 1
22 7 1
10 26 1
26 8 1
10 45 1
45 8 1
22 15 1
22 30 1
10 44 1
44 7 1
10 2 1
2 15 1
2 30 1
10 23 1
23 8 1
10 36 1
36 7 1
10 20 1
10 42 1
42 30 1
10 37 1
37 30 1
10 6 1
6 30 1
10 9 1
9 30 1
10 16 1
10 5 1
5 1 1
10 33 1
33 13 1
10 47 1
47 1 1
10 49 1
49 7 1
10 40 1
40 1 1
10 34 1
34 1 1
10 43 1
43 13 1
10 52 1
52 13 1
10 39 1
39 51 1
10 29 1
