98 61 1
1 43 1
43 97 1
43 61 1
1 122 1
122 96 1
86 43 1
86 21 1
21 97 1
21 61 1
98 43 1
98 65 1
65 22 1
74 23 1
23 43 1
74 6 1
6 122 1
74 104 1
104 102 1
102 41 1
1 16 1
16 43 1
16 122 1
16 17 1
17 97 1
1 99 1
99 43 1
99 122 1
43 21 1
43 64 1
64 61 1
64 96 1
43 122 1
43 17 1
1 112 1
112 21 1
122 43 1
122 64 1
122 17 1
122 48 1
48 61 1
1 28 1
28 122 1
1 119 1
119 18 1
18 68 1
1 42 1
42 122 1
1 54 1
54 43 1
54 122 1
1 101 1
101 122 1
101 48 1
86 23 1
86 55 1
55 21 1
86 112 1
21 43 1
86 95 1
95 21 1
86 89 1
89 43 1
86 34 1
34 65 1
86 45 1
45 65 1
89 64 1
89 122 1
86 110 1
110 43 1
86 100 1
100 64 1
100 122 1
86 118 1
118 65 1
86 107 1
107 43 1
86 6 1
86 114 1
114 122 1
86 36 1
36 122 1
86 49 1
49 122 1
86 76 1
76 122 1
86 28 1
86 123 1
123 21 1
86 25 1
25 18 1
86 75 1
75 21 1
86 3 1
3 43 1
86 2 1
2 21 1
86 30 1
30 21 1
86 40 1
40 18 1
86 24 1
24 18 1
86 50 1
50 102 1
86 101 1
98 70 1
70 43 1
98 107 1
98 120 1
120 122 1
120 18 1
98 3 1
98 69 1
69 43 1
69 122 1
69 17 1
37 110 1
47 16 1
9 87 1
87 18 1
47 6 1
47 128 1
128 18 1
115 112 1
84 104 1
44 23 1
44 107 1
44 3 1
86 58 1
58 97 1
58 61 1
98 53 1
53 96 1
23 19 1
19 97 1
74 77 1
77 62 1
62 68 1
84 94 1
94 5 1
5 41 1
107 62 1
86 77 1
86 111 1
111 18 1
86 51 1
51 19 1
51 62 1
3 72 1
72 61 1
3 62 1
105 77 1
53 62 1
47 93 1
93 122 1
93 18 1
47 14 1
14 122 1
47 125 1
125 122 1
47 77 1
47 51 1
47 13 1
13 62 1
115 77 1
37 80 1
80 18 1
50 27 1
27 60 1
3 19 1
105 83 1
83 62 1
98 13 1
9 91 1
91 19 1
47 79 1
79 102 1
115 126 1
126 62 1
63 83 1
47 113 1
113 19 1
47 88 1
88 19 1
93 19 1
14 19 1
14 62 1
47 11 1
11 19 1
47 52 1
52 62 1
47 103 1
103 19 1
103 62 1
47 31 1
31 62 1
47 32 1
32 19 1
47 92 1
92 62 1
47 10 1
10 19 1
47 39 1
39 61 1
47 4 1
4 61 1
47 8 1
8 62 1
37 116 1
116 122 1
16 22 1
16 96 1
99 96 1
1 64 1
110 61 1
86 64 1
86 127 1
127 85 1
69 96 1
23 16 1
23 70 1
23 107 1
23 128 1
23 3 1
23 40 1
23 78 1
78 65 1
23 90 1
90 122 1
6 89 1
6 46 1
46 65 1
6 12 1
12 65 1
6 7 1
7 65 1
7 18 1
6 106 1
106 65 1
6 33 1
33 43 1
6 109 1
109 65 1
6 107 1
6 56 1
56 122 1
56 18 1
6 120 1
6 15 1
15 65 1
6 108 1
108 29 1
29 68 1
6 111 1
6 35 1
35 18 1
104 57 1
57 18 1
77 23 1
77 26 1
26 65 1
26 18 1
77 107 1
77 66 1
66 122 1
66 18 1
77 6 1
77 25 1
77 3 1
77 90 1
84 121 1
121 36 1
94 117 1
117 18 1
94 67 1
67 65 1
94 71 1
71 65 1
5 102 1
84 38 1
38 59 1
59 18 1
84 73 1
73 36 1
73 28 1
73 81 1
81 43 1
73 24 1
73 124 1
124 18 1
73 129 1
129 65 1
84 82 1
82 36 1
82 28 1
82 124 1
16 23 1
16 89 1
16 20 1
20 43 1
