3 50 1
11 59 1
16 41 1
44 30 1
51 42 1
53 15 1
28 54 1
44 15 1
56 22 1
2 50 1
20 2 1
38 42 1
29 23 1
8 35 1
59 41 1
31 42 1
61 32 1
1 62 1
45 38 1
55 38 1
16 30 1
31 38 1
53 57 1
44 41 1
62 17 1
47 42 1
16 19 1
8 2 1
25 29 1
25 31 1
36 22 1
20 35 1
9 43 1
32 36 1
51 61 1
59 15 1
44 9 1
28 25 1
28 37 1
1 60 1
8 22 1
1 40 1
27 8 1
58 1 1
27 24 1
46 24 1
53 9 1
53 41 1
7 18 1
28 35 1
27 51 1
25 47 1
25 36 1
46 56 1
25 38 1
47 32 1
24 33 1
24 58 1
2 24 1
48 1 1
30 21 1
50 32 1
25 2 1
48 41 1
10 9 1
39 48 1
10 41 1
32 33 1
36 6 1
28 22 1
57 19 1
12 20 1
29 42 1
59 9 1
28 62 1
43 7 1
57 30 1
51 58 1
41 36 1
14 30 1
4 1 1
27 1 1
24 22 1
48 5 1
57 9 1
38 24 1
33 1 1
32 1 1
41 2 1
38 43 1
34 5 1
14 15 1
10 19 1
8 33 1
29 20 1
4 56 1
27 56 1
10 30 1
48 15 1
55 50 1
12 42 1
1 6 1
41 15 1
59 63 1
7 15 1
29 38 1
59 19 1
10 1 1
63 5 1
46 1 1
42 50 1
27 50 1
39 3 1
51 31 1
26 16 1
53 19 1
19 15 1
51 12 1
51 22 1
53 30 1
59 5 1
11 28 1
23 24 1
5 7 1
37 24 1
30 18 1
20 38 1
28 58 1
56 58 1
25 42 1
12 50 1
1 18 1
28 27 1
16 15 1
56 37 1
13 59 1
28 46 1
4 24 1
51 36 1
2 38 1
12 2 1
41 38 1
56 36 1
51 55 1
44 19 1
44 1 1
36 21 1
2 55 1
27 32 1
50 24 1
8 23 1
1 49 1
59 1 1
15 18 1
52 17 1
30 7 1
51 33 1
41 55 1
16 9 1
8 58 1
51 23 1
54 1 1
28 4 1
57 1 1
12 32 1
16 1 1
19 9 1
50 1 1
51 29 1
36 58 1
18 52 1
53 1 1
35 1 1
46 32 1
51 46 1
11 7 1
12 55 1
20 42 1
41 9 1
51 20 1
12 47 1
51 2 1
25 50 1
62 60 1
4 8 1
32 58 1
29 50 1
48 9 1
50 35 1
39 45 1
59 34 1
32 22 1
51 38 1
56 33 1
14 19 1
22 1 1
57 15 1
14 9 1
14 41 1
4 32 1
1 17 1
37 32 1
8 38 1
55 24 1
3 32 1
28 7 1
61 42 1
48 19 1
51 37 1
42 36 1
12 38 1
14 1 1
1 7 1
46 8 1
9 7 1
25 20 1
50 22 1
28 33 1
38 50 1
41 30 1
59 30 1
18 62 1
8 55 1
50 58 1
35 56 1
26 57 1
48 30 1
10 15 1
51 4 1
28 23 1
51 47 1
19 30 1
51 25 1
5 43 1
50 36 1
23 32 1
8 1 1
25 12 1
57 41 1
