196 169 1
171 43 1
196 181 1
143 144 1
10 11 1
196 108 1
246 145 1
159 235 1
196 62 1
196 65 1
136 64 1
155 39 1
86 13 1
106 242 1
159 77 1
159 176 1
44 265 1
181 40 1
7 40 1
82 40 1
150 266 1
182 158 1
262 220 1
66 40 1
142 40 1
216 37 1
198 188 1
97 188 1
83 39 1
207 198 1
131 188 1
196 87 1
261 220 1
136 198 1
159 161 1
189 20 1
196 128 1
8 40 1
259 188 1
100 152 1
110 188 1
122 11 1
53 208 1
196 183 1
169 40 1
203 13 1
251 188 1
45 146 1
267 40 1
138 40 1
214 88 1
272 88 1
22 112 1
32 5 1
223 40 1
212 12 1
203 188 1
80 11 1
203 11 1
101 144 1
100 162 1
182 228 1
136 265 1
111 88 1
97 64 1
78 41 1
130 40 1
140 152 1
107 39 1
196 82 1
56 198 1
196 3 1
171 80 1
221 88 1
171 225 1
136 147 1
52 188 1
112 144 1
172 88 1
147 198 1
205 159 1
171 256 1
249 259 1
41 188 1
187 100 1
43 188 1
113 74 1
174 198 1
224 88 1
89 39 1
102 227 1
196 85 1
249 31 1
155 191 1
186 88 1
109 90 1
55 88 1
222 259 1
56 190 1
212 74 1
216 255 1
187 245 1
222 190 1
159 115 1
196 221 1
51 249 1
100 232 1
159 46 1
178 40 1
247 251 1
125 88 1
75 112 1
268 11 1
16 274 1
202 6 1
102 188 1
249 190 1
76 274 1
196 50 1
24 184 1
273 188 1
257 88 1
136 19 1
60 15 1
171 47 1
17 188 1
136 44 1
222 44 1
113 5 1
159 25 1
128 40 1
12 274 1
187 190 1
56 18 1
247 200 1
156 11 1
14 74 1
196 55 1
201 149 1
196 54 1
196 30 1
163 160 1
97 261 1
232 11 1
196 9 1
263 5 1
21 40 1
261 39 1
196 32 1
159 83 1
222 34 1
72 92 1
239 40 1
173 4 1
208 144 1
182 114 1
97 103 1
196 93 1
196 170 1
196 192 1
143 126 1
100 106 1
67 16 1
133 154 1
51 216 1
30 88 1
196 257 1
159 75 1
196 96 1
102 237 1
115 185 1
105 39 1
159 63 1
185 13 1
159 233 1
208 188 1
203 217 1
34 198 1
196 173 1
137 40 1
199 129 1
167 188 1
94 40 1
269 40 1
182 180 1
193 81 1
222 147 1
81 11 1
230 236 1
196 98 1
234 145 1
127 23 1
225 11 1
244 12 1
145 188 1
194 88 1
4 90 1
196 60 1
183 40 1
196 117 1
26 5 1
196 253 1
270 40 1
222 31 1
64 188 1
213 146 1
207 5 1
159 193 1
174 196 1
114 40 1
120 40 1
247 74 1
136 259 1
134 72 1
215 188 1
196 20 1
100 57 1
100 209 1
205 56 1
196 124 1
196 26 1
240 39 1
182 189 1
203 266 1
159 27 1
38 198 1
206 76 1
91 15 1
33 40 1
161 88 1
196 7 1
170 40 1
164 20 1
212 200 1
196 238 1
39 188 1
180 11 1
102 261 1
196 151 1
159 107 1
245 274 1
177 40 1
196 40 1
196 260 1
74 144 1
34 265 1
207 268 1
171 143 1
196 138 1
244 74 1
159 144 1
136 38 1
196 120 1
132 90 1
159 78 1
196 59 1
20 188 1
196 125 1
222 198 1
56 265 1
264 163 1
222 38 1
97 12 1
35 2 1
27 152 1
196 271 1
159 148 1
141 144 1
196 241 1
196 99 1
190 188 1
102 135 1
48 88 1
123 11 1
159 133 1
159 252 1
210 145 1
2 188 1
182 204 1
19 265 1
196 137 1
96 40 1
196 130 1
196 269 1
159 105 1
212 244 1
233 273 1
196 263 1
119 40 1
159 231 1
136 103 1
49 4 1
174 171 1
207 190 1
174 155 1
218 265 1
102 247 1
222 19 1
50 40 1
196 168 1
102 200 1
135 39 1
252 81 1
236 160 1
136 190 1
159 175 1
97 74 1
99 40 1
187 5 1
196 49 1
38 265 1
85 86 1
171 101 1
159 48 1
146 160 1
196 111 1
182 167 1
253 40 1
159 224 1
59 144 1
247 131 1
157 274 1
97 244 1
159 272 1
159 17 1
136 31 1
175 88 1
196 197 1
102 70 1
159 250 1
117 242 1
16 188 1
28 110 1
108 88 1
100 123 1
15 90 1
158 116 1
62 40 1
100 10 1
118 109 1
159 243 1
65 40 1
187 258 1
63 88 1
159 45 1
162 11 1
56 42 1
31 188 1
56 64 1
196 194 1
207 122 1
197 40 1
159 153 1
222 64 1
196 142 1
56 129 1
174 134 1
159 213 1
121 11 1
159 29 1
93 40 1
159 211 1
196 33 1
179 112 1
23 188 1
159 127 1
19 198 1
249 64 1
227 167 1
159 28 1
207 245 1
207 42 1
98 40 1
1 5 1
207 53 1
56 103 1
176 188 1
250 199 1
222 103 1
171 162 1
88 274 1
205 222 1
210 88 1
241 15 1
12 5 1
196 139 1
243 112 1
249 198 1
196 8 1
151 88 1
171 156 1
159 195 1
196 71 1
104 11 1
18 190 1
212 261 1
6 188 1
254 255 1
159 89 1
187 113 1
245 188 1
260 88 1
256 13 1
196 68 1
124 15 1
196 172 1
159 35 1
192 40 1
182 240 1
159 246 1
102 12 1
196 223 1
70 39 1
200 274 1
196 215 1
159 186 1
139 40 1
182 73 1
212 70 1
229 40 1
231 36 1
207 144 1
153 188 1
135 220 1
25 88 1
148 87 1
159 58 1
56 259 1
235 88 1
147 265 1
143 11 1
159 79 1
14 200 1
208 126 1
168 90 1
14 247 1
204 4 1
54 40 1
14 244 1
165 188 1
101 11 1
100 121 1
171 10 1
159 219 1
196 210 1
207 18 1
12 11 1
191 188 1
212 247 1
166 234 1
29 157 1
209 11 1
159 95 1
9 40 1
14 12 1
196 267 1
196 262 1
261 215 1
87 11 1
255 188 1
174 166 1
51 136 1
196 121 1
208 11 1
150 226 1
171 150 1
36 160 1
196 164 1
159 91 1
14 188 1
212 182 1
196 23 1
182 140 1
249 265 1
220 188 1
14 70 1
71 40 1
171 152 1
159 118 1
196 119 1
5 274 1
67 5 1
97 70 1
159 201 1
248 11 1
102 244 1
154 90 1
103 259 1
196 214 1
196 270 1
159 206 1
222 265 1
159 254 1
244 70 1
149 13 1
195 84 1
56 218 1
85 15 1
238 88 1
207 67 1
69 167 1
102 74 1
73 217 1
212 135 1
271 188 1
152 126 1
159 21 1
97 200 1
159 202 1
73 160 1
182 179 1
47 11 1
97 247 1
212 24 1
237 39 1
159 22 1
196 178 1
46 132 1
196 66 1
212 188 1
42 190 1
37 188 1
95 112 1
196 230 1
159 61 1
113 12 1
265 188 1
244 200 1
113 245 1
68 40 1
237 220 1
79 141 1
81 217 1
211 20 1
171 203 1
205 190 1
196 1 1
219 104 1
84 144 1
40 274 1
100 248 1
116 188 1
61 88 1
58 39 1
196 239 1
136 34 1
182 94 1
143 188 1
171 141 1
159 210 1
92 160 1
3 15 1
196 229 1
159 85 1
228 117 1
196 69 1
196 177 1
196 6 1
56 31 1
77 87 1
57 11 1
159 264 1
196 52 1
184 160 1
24 165 1
