70 61 1
28 61 1
68 22 1
41 46 1
37 2 1
12 56 1
64 31 1
42 22 1
12 13 1
18 17 1
40 56 1
12 18 1
12 27 1
65 48 1
51 23 1
12 46 1
66 17 1
16 35 1
5 11 1
37 39 1
41 18 1
69 22 1
11 22 1
16 43 1
35 22 1
46 48 1
33 22 1
6 4 1
41 22 1
50 24 1
58 2 1
62 22 1
12 28 1
36 62 1
28 55 1
12 21 1
58 18 1
7 29 1
63 55 1
52 58 1
27 61 1
63 30 1
5 35 1
4 1 1
41 58 1
9 59 1
39 46 1
47 22 1
44 45 1
8 48 1
45 22 1
32 17 1
36 68 1
6 18 1
50 69 1
12 10 1
37 46 1
2 61 1
7 50 1
38 22 1
44 60 1
5 33 1
52 18 1
6 39 1
27 48 1
12 17 1
31 14 1
52 22 1
39 65 1
56 17 1
24 22 1
29 20 1
64 45 1
9 5 1
12 2 1
34 45 1
59 14 1
20 22 1
36 42 1
71 48 1
36 48 1
63 22 1
16 11 1
29 51 1
6 22 1
2 17 1
52 11 1
6 58 1
49 17 1
13 22 1
37 22 1
6 2 1
1 30 1
60 56 1
12 22 1
71 34 1
27 22 1
16 14 1
1 57 1
71 53 1
52 2 1
71 45 1
52 46 1
64 16 1
71 40 1
52 67 1
21 22 1
25 57 1
12 8 1
37 18 1
29 19 1
28 22 1
54 22 1
19 22 1
71 14 1
6 46 1
14 22 1
52 39 1
44 10 1
71 12 1
16 45 1
60 46 1
3 22 1
63 61 1
39 18 1
29 66 1
41 39 1
5 45 1
29 65 1
5 43 1
29 47 1
64 36 1
5 14 1
43 22 1
29 70 1
67 35 1
39 25 1
12 15 1
58 46 1
7 14 1
41 2 1
53 45 1
13 26 1
15 22 1
28 48 1
27 55 1
4 3 1
29 38 1
40 49 1
12 32 1
21 17 1
12 63 1
12 54 1
