5 18 1
5 27 1
5 17 1
5 15 1
5 90 1
47 27 1
47 44 1
47 99 1
47 71 1
47 37 1
47 90 1
47 57 1
47 88 1
18 5 1
18 17 1
18 15 1
18 90 1
42 17 1
42 30 1
91 30 1
91 40 1
27 5 1
27 47 1
27 99 1
27 53 1
27 3 1
27 37 1
27 68 1
27 11 1
27 17 1
27 30 1
27 51 1
27 65 1
27 90 1
27 97 1
27 76 1
27 25 1
27 103 1
27 33 1
27 74 1
44 47 1
44 37 1
44 90 1
50 37 1
50 58 1
99 47 1
99 27 1
99 37 1
99 90 1
86 37 1
45 37 1
53 27 1
53 37 1
53 88 1
53 97 1
53 76 1
12 37 1
48 93 1
48 20 1
48 62 1
71 47 1
3 27 1
3 37 1
3 37 1
3 21 1
77 30 1
77 51 1
24 47 1
24 17 1
24 17 1
24 30 1
24 51 1
95 6 1
10 58 1
37 47 1
37 27 1
37 44 1
37 50 1
37 99 1
37 86 1
37 45 1
37 53 1
37 12 1
37 3 1
37 90 1
37 88 1
37 73 1
37 93 1
37 72 1
37 105 1
37 39 1
37 58 1
89 31 1
68 27 1
68 51 1
11 27 1
11 30 1
11 25 1
11 33 1
11 67 1
70 97 1
70 76 1
70 56 1
70 22 1
17 5 1
17 18 1
17 42 1
17 27 1
17 24 1
17 65 1
17 15 1
17 90 1
17 64 1
17 69 1
17 67 1
17 81 1
30 42 1
30 91 1
30 27 1
30 11 1
30 40 1
30 92 1
30 41 1
30 52 1
30 67 1
30 31 1
51 27 1
51 68 1
65 27 1
65 17 1
65 90 1
65 97 1
104 90 1
59 22 1
59 96 1
34 8 1
34 76 1
34 83 1
34 13 1
34 87 1
34 22 1
34 55 1
9 66 1
9 16 1
9 55 1
14 4 1
14 22 1
14 96 1
100 13 1
100 96 1
40 91 1
40 30 1
40 98 1
40 22 1
40 55 1
66 9 1
66 4 1
66 22 1
66 16 1
85 75 1
85 32 1
43 87 1
43 16 1
35 97 1
35 76 1
35 7 1
35 101 1
35 102 1
35 83 1
35 22 1
35 96 1
35 80 1
63 13 1
63 16 1
15 5 1
15 18 1
15 17 1
15 90 1
15 90 1
26 96 1
94 76 1
94 4 1
90 5 1
90 47 1
90 47 1
90 18 1
90 27 1
90 44 1
90 99 1
90 37 1
90 37 1
90 17 1
90 65 1
90 104 1
90 15 1
90 57 1
90 4 1
57 47 1
57 90 1
57 90 1
88 47 1
88 53 1
88 37 1
28 83 1
28 87 1
28 32 1
28 96 1
29 7 1
73 37 1
73 93 1
8 34 1
97 27 1
97 53 1
97 70 1
97 65 1
97 35 1
97 83 1
76 27 1
76 53 1
76 70 1
76 34 1
76 35 1
76 56 1
76 7 1
76 101 1
76 83 1
76 22 1
76 96 1
76 2 1
25 27 1
25 11 1
103 27 1
33 27 1
33 11 1
106 23 1
49 51 1
56 70 1
56 76 1
56 22 1
21 3 1
93 48 1
93 37 1
93 73 1
93 73 1
93 20 1
93 62 1
93 62 1
93 58 1
93 58 1
64 17 1
64 69 1
72 37 1
69 17 1
69 64 1
20 48 1
20 93 1
20 62 1
82 54 1
54 82 1
74 27 1
74 27 1
46 54 1
92 30 1
92 30 1
41 30 1
41 30 1
52 30 1
52 30 1
67 11 1
67 17 1
67 30 1
31 89 1
31 30 1
78 87 1
78 96 1
4 14 1
4 66 1
4 83 1
4 13 1
4 87 1
4 22 1
4 32 1
4 96 1
4 80 1
4 61 1
4 16 1
4 84 1
7 35 1
7 29 1
7 76 1
7 83 1
19 83 1
101 35 1
101 76 1
101 83 1
102 35 1
102 83 1
102 22 1
62 48 1
62 93 1
62 20 1
75 85 1
75 83 1
75 13 1
75 22 1
75 32 1
75 96 1
60 22 1
60 32 1
60 96 1
36 16 1
98 40 1
81 17 1
105 37 1
39 37 1
58 50 1
58 10 1
58 37 1
58 93 1
6 95 1
38 1 1
38 22 1
38 32 1
38 96 1
38 80 1
38 16 1
38 79 1
83 34 1
83 35 1
83 28 1
83 97 1
83 76 1
83 4 1
83 7 1
83 19 1
83 101 1
83 102 1
83 75 1
83 13 1
1 38 1
1 22 1
1 32 1
1 96 1
1 80 1
1 16 1
1 79 1
13 34 1
13 100 1
13 63 1
13 4 1
13 75 1
13 83 1
87 34 1
87 43 1
87 28 1
87 78 1
87 4 1
22 70 1
22 59 1
22 34 1
22 14 1
22 40 1
22 66 1
22 35 1
22 76 1
22 56 1
22 4 1
22 102 1
22 75 1
22 60 1
22 38 1
22 1 1
22 32 1
22 96 1
22 80 1
22 16 1
22 79 1
32 85 1
32 28 1
32 4 1
32 75 1
32 60 1
32 38 1
32 1 1
32 22 1
32 96 1
32 80 1
32 16 1
32 79 1
96 59 1
96 14 1
96 100 1
96 35 1
96 26 1
96 28 1
96 76 1
96 78 1
96 4 1
96 75 1
96 60 1
96 38 1
96 1 1
96 22 1
96 32 1
96 80 1
96 16 1
96 79 1
80 35 1
80 4 1
80 38 1
80 1 1
80 22 1
80 32 1
80 96 1
80 16 1
80 79 1
61 4 1
16 9 1
16 66 1
16 43 1
16 63 1
16 4 1
16 36 1
16 38 1
16 1 1
16 22 1
16 32 1
16 96 1
16 80 1
16 79 1
55 34 1
55 9 1
55 40 1
79 38 1
79 1 1
79 22 1
79 32 1
79 96 1
79 80 1
79 16 1
2 76 1
