191 1 1
106 139 1
139 140 1
139 1 1
106 36 1
36 143 1
93 139 1
93 40 1
40 140 1
40 1 1
191 139 1
191 10 1
10 107 1
205 204 1
204 139 1
205 131 1
131 36 1
205 72 1
72 80 1
80 176 1
106 141 1
141 139 1
141 36 1
141 56 1
56 140 1
106 197 1
197 139 1
197 36 1
139 40 1
139 156 1
156 1 1
156 143 1
139 36 1
139 56 1
106 198 1
198 40 1
36 139 1
36 156 1
36 56 1
36 16 1
16 1 1
106 185 1
185 36 1
106 59 1
59 35 1
35 43 1
106 94 1
94 36 1
106 18 1
18 139 1
18 36 1
106 149 1
149 36 1
149 16 1
93 204 1
93 98 1
98 40 1
93 198 1
40 139 1
93 177 1
177 40 1
93 7 1
7 139 1
93 192 1
192 10 1
93 154 1
154 10 1
7 156 1
7 36 1
93 14 1
14 139 1
93 166 1
166 156 1
166 36 1
93 70 1
70 10 1
93 188 1
188 139 1
93 131 1
93 64 1
64 36 1
93 55 1
55 36 1
93 34 1
34 36 1
93 62 1
62 36 1
93 185 1
93 159 1
159 40 1
93 127 1
127 35 1
93 144 1
144 40 1
93 101 1
101 139 1
93 199 1
199 40 1
93 121 1
121 40 1
93 4 1
4 35 1
93 115 1
115 35 1
93 66 1
66 80 1
93 149 1
191 206 1
206 139 1
191 188 1
191 196 1
196 36 1
196 35 1
191 101 1
191 164 1
164 139 1
164 36 1
164 56 1
169 14 1
73 141 1
173 91 1
91 35 1
73 131 1
73 133 1
133 35 1
42 198 1
104 72 1
174 204 1
174 188 1
174 101 1
93 23 1
23 140 1
23 1 1
191 5 1
5 143 1
204 81 1
81 140 1
205 28 1
28 122 1
122 43 1
104 8 1
8 119 1
119 176 1
188 122 1
93 28 1
93 88 1
88 35 1
93 44 1
44 81 1
44 122 1
101 172 1
172 1 1
101 122 1
82 28 1
5 122 1
73 181 1
181 36 1
181 35 1
73 84 1
84 36 1
73 200 1
200 36 1
73 28 1
73 44 1
73 96 1
96 122 1
42 28 1
169 142 1
142 35 1
66 20 1
20 9 1
101 81 1
82 112 1
112 122 1
191 96 1
173 207 1
207 81 1
73 3 1
3 80 1
42 124 1
124 122 1
30 112 1
73 103 1
103 81 1
73 193 1
193 81 1
181 81 1
84 81 1
84 122 1
73 63 1
63 81 1
73 201 1
201 122 1
73 105 1
105 81 1
105 122 1
73 57 1
57 122 1
73 24 1
24 81 1
73 116 1
116 122 1
73 75 1
75 81 1
73 52 1
52 1 1
73 134 1
134 1 1
73 150 1
150 122 1
169 113 1
113 36 1
141 107 1
141 143 1
197 143 1
106 156 1
14 1 1
93 156 1
93 171 1
171 37 1
164 143 1
204 141 1
204 206 1
204 188 1
204 133 1
204 101 1
204 4 1
204 102 1
102 10 1
204 123 1
123 36 1
131 7 1
131 203 1
203 10 1
131 27 1
27 10 1
131 109 1
109 10 1
109 35 1
131 135 1
135 10 1
131 136 1
136 139 1
131 161 1
161 10 1
131 188 1
131 128 1
128 36 1
128 35 1
131 196 1
131 157 1
157 10 1
131 160 1
160 83 1
83 43 1
131 88 1
131 48 1
48 35 1
72 163 1
163 35 1
28 204 1
28 117 1
117 10 1
117 35 1
28 188 1
28 87 1
87 36 1
87 35 1
28 131 1
28 127 1
28 101 1
28 123 1
104 125 1
125 55 1
8 77 1
77 35 1
8 155 1
155 10 1
8 145 1
145 10 1
119 80 1
104 126 1
126 22 1
22 35 1
104 58 1
58 55 1
58 185 1
58 100 1
100 139 1
58 115 1
58 99 1
99 35 1
58 118 1
118 10 1
104 170 1
170 55 1
170 185 1
170 99 1
141 204 1
141 7 1
141 68 1
68 139 1
141 188 1
141 200 1
141 65 1
65 36 1
141 101 1
56 139 1
56 36 1
141 31 1
31 36 1
197 87 1
197 51 1
51 139 1
197 74 1
74 139 1
139 7 1
139 141 1
139 197 1
139 129 1
129 36 1
156 36 1
156 35 1
139 164 1
139 190 1
190 36 1
139 18 1
59 69 1
69 36 1
69 35 1
35 156 1
59 185 1
59 160 1
59 183 1
183 35 1
59 2 1
2 35 1
59 67 1
67 35 1
59 202 1
202 35 1
59 167 1
167 35 1
59 127 1
59 78 1
78 35 1
59 97 1
97 35 1
59 11 1
11 35 1
59 179 1
179 35 1
59 17 1
17 35 1
59 152 1
152 35 1
59 108 1
108 35 1
59 165 1
165 35 1
59 22 1
59 19 1
19 35 1
59 25 1
25 35 1
59 175 1
175 35 1
59 49 1
49 35 1
59 61 1
61 35 1
59 45 1
45 35 1
59 47 1
47 35 1
59 111 1
111 35 1
59 137 1
137 35 1
59 54 1
54 35 1
59 86 1
86 35 1
59 153 1
153 35 1
59 4 1
59 130 1
130 35 1
59 48 1
59 76 1
76 10 1
59 12 1
12 35 1
59 89 1
89 35 1
59 114 1
114 35 1
59 138 1
138 35 1
59 189 1
189 35 1
59 194 1
194 35 1
59 95 1
95 80 1
59 187 1
187 80 1
59 38 1
38 35 1
59 110 1
110 35 1
59 178 1
178 35 1
59 168 1
168 35 1
59 186 1
186 35 1
59 151 1
151 35 1
59 13 1
13 35 1
59 85 1
85 35 1
59 90 1
90 35 1
106 21 1
21 180 1
180 10 1
21 185 1
21 160 1
21 147 1
147 83 1
21 162 1
162 35 1
21 11 1
21 137 1
21 99 1
21 189 1
36 50 1
50 40 1
36 129 1
129 139 1
36 29 1
29 156 1
36 195 1
195 35 1
36 181 1
36 87 1
36 128 1
36 108 1
156 139 1
36 190 1
190 139 1
36 18 1
36 149 1
185 7 1
185 6 1
6 10 1
185 182 1
182 10 1
185 148 1
148 10 1
185 120 1
120 10 1
185 27 1
185 109 1
185 33 1
33 10 1
185 158 1
158 10 1
185 135 1
185 60 1
60 10 1
185 146 1
146 10 1
185 206 1
185 71 1
71 10 1
71 35 1
185 53 1
53 10 1
53 35 1
185 15 1
15 10 1
185 32 1
32 36 1
185 181 1
185 87 1
185 196 1
185 69 1
185 160 1
185 92 1
92 83 1
185 39 1
39 35 1
185 183 1
185 132 1
132 35 1
185 41 1
41 35 1
185 67 1
185 184 1
184 35 1
185 202 1
185 167 1
185 127 1
185 78 1
185 79 1
79 35 1
185 46 1
46 35 1
185 26 1
26 35 1
185 142 1
185 77 1
185 97 1
