29 16 1
210 174 1
174 226 1
174 16 1
210 80 1
80 21 1
58 174 1
58 31 1
31 226 1
31 16 1
29 174 1
29 247 1
247 156 1
289 150 1
150 174 1
289 103 1
103 80 1
289 166 1
166 61 1
61 249 1
210 185 1
185 174 1
185 80 1
185 219 1
219 226 1
210 178 1
178 174 1
178 80 1
174 31 1
174 268 1
268 16 1
268 21 1
174 80 1
174 219 1
210 177 1
177 31 1
80 174 1
80 268 1
80 219 1
80 14 1
14 16 1
210 119 1
119 80 1
210 278 1
278 258 1
258 207 1
210 160 1
160 80 1
210 55 1
55 174 1
55 80 1
210 24 1
24 80 1
24 14 1
58 150 1
58 34 1
34 31 1
58 177 1
31 174 1
58 170 1
170 31 1
58 245 1
245 174 1
58 274 1
274 247 1
58 149 1
149 247 1
245 268 1
245 80 1
58 276 1
276 174 1
58 265 1
265 268 1
265 80 1
58 218 1
218 247 1
58 192 1
192 174 1
58 103 1
58 293 1
293 80 1
58 236 1
236 80 1
58 92 1
92 80 1
58 272 1
272 80 1
58 119 1
58 227 1
227 31 1
58 230 1
230 258 1
58 131 1
131 31 1
58 183 1
183 174 1
58 5 1
5 31 1
58 75 1
75 31 1
58 200 1
200 258 1
58 3 1
3 258 1
58 263 1
263 61 1
58 24 1
29 145 1
145 174 1
29 192 1
29 291 1
291 80 1
291 258 1
29 183 1
29 194 1
194 174 1
194 80 1
194 219 1
9 276 1
215 185 1
173 78 1
78 258 1
215 103 1
215 158 1
158 258 1
111 177 1
164 166 1
252 150 1
252 192 1
252 183 1
58 287 1
287 226 1
287 16 1
29 81 1
81 21 1
150 134 1
134 226 1
289 241 1
241 216 1
216 207 1
164 22 1
22 86 1
86 249 1
192 216 1
58 241 1
58 137 1
137 258 1
58 97 1
97 134 1
97 216 1
183 292 1
292 16 1
183 216 1
63 241 1
81 216 1
215 243 1
243 80 1
243 258 1
215 214 1
214 80 1
215 122 1
122 80 1
215 241 1
215 97 1
215 35 1
35 216 1
111 241 1
9 48 1
48 258 1
263 129 1
129 135 1
183 134 1
63 201 1
201 216 1
29 35 1
173 199 1
199 134 1
215 98 1
98 61 1
111 99 1
99 216 1
266 201 1
215 220 1
220 134 1
215 172 1
172 134 1
243 134 1
214 134 1
214 216 1
215 257 1
257 134 1
215 152 1
152 216 1
215 195 1
195 134 1
195 216 1
215 95 1
95 216 1
215 188 1
188 134 1
215 54 1
54 216 1
215 270 1
270 134 1
215 283 1
283 16 1
215 42 1
42 16 1
215 211 1
211 216 1
9 139 1
139 80 1
185 156 1
185 21 1
178 21 1
210 268 1
276 16 1
58 268 1
58 136 1
136 224 1
194 21 1
150 185 1
150 145 1
150 192 1
150 158 1
150 183 1
150 200 1
150 153 1
153 247 1
150 100 1
100 80 1
103 245 1
103 18 1
18 247 1
103 184 1
184 247 1
103 186 1
186 247 1
186 258 1
103 65 1
65 247 1
103 32 1
32 174 1
103 62 1
62 247 1
103 192 1
103 288 1
288 80 1
288 258 1
103 291 1
103 50 1
50 247 1
103 246 1
246 113 1
113 207 1
103 137 1
103 140 1
140 258 1
166 125 1
125 258 1
241 150 1
241 290 1
290 247 1
290 258 1
241 192 1
241 143 1
143 80 1
143 258 1
241 103 1
241 230 1
241 183 1
241 100 1
164 130 1
130 236 1
22 144 1
144 258 1
22 169 1
169 247 1
22 146 1
146 247 1
86 61 1
164 69 1
69 1 1
1 258 1
164 240 1
240 236 1
240 119 1
240 45 1
45 174 1
240 3 1
240 171 1
171 258 1
240 142 1
142 247 1
164 66 1
66 236 1
66 119 1
66 171 1
185 150 1
185 245 1
185 56 1
56 174 1
185 192 1
185 122 1
185 203 1
203 80 1
185 183 1
219 174 1
219 80 1
185 38 1
38 80 1
178 143 1
178 284 1
284 174 1
178 59 1
59 174 1
174 245 1
174 185 1
174 178 1
174 157 1
157 80 1
268 80 1
268 258 1
174 194 1
174 70 1
70 80 1
174 55 1
278 244 1
244 80 1
244 258 1
258 268 1
278 119 1
278 246 1
278 76 1
76 258 1
278 279 1
279 258 1
278 112 1
112 258 1
278 231 1
231 258 1
278 123 1
123 258 1
278 230 1
278 60 1
60 258 1
278 155 1
155 258 1
278 57 1
57 258 1
278 79 1
79 258 1
278 151 1
151 258 1
278 68 1
68 258 1
278 198 1
198 258 1
278 259 1
259 258 1
278 1 1
278 190 1
190 258 1
278 213 1
213 258 1
278 154 1
154 258 1
278 141 1
141 258 1
278 84 1
84 258 1
278 114 1
114 258 1
278 20 1
20 258 1
278 128 1
128 258 1
278 101 1
101 258 1
278 72 1
72 258 1
278 90 1
90 258 1
278 124 1
124 258 1
278 200 1
278 73 1
73 258 1
278 140 1
278 74 1
74 247 1
278 13 1
13 258 1
278 260 1
260 258 1
278 233 1
233 258 1
278 285 1
285 258 1
278 251 1
251 258 1
278 237 1
237 258 1
278 27 1
27 61 1
278 115 1
115 61 1
278 116 1
116 258 1
278 93 1
93 258 1
278 204 1
204 258 1
278 51 1
51 258 1
278 179 1
179 258 1
278 39 1
39 258 1
278 253 1
253 258 1
278 10 1
10 258 1
278 138 1
138 258 1
210 94 1
94 43 1
43 247 1
94 119 1
94 246 1
94 273 1
273 113 1
94 121 1
121 258 1
94 57 1
94 101 1
94 171 1
94 251 1
80 67 1
67 31 1
80 157 1
157 174 1
80 228 1
228 268 1
80 269 1
269 258 1
80 243 1
80 143 1
80 288 1
80 198 1
268 174 1
80 70 1
70 174 1
80 55 1
80 24 1
119 245 1
119 36 1
36 247 1
119 159 1
159 247 1
119 44 1
44 247 1
119 238 1
238 247 1
119 184 1
119 186 1
119 28 1
28 247 1
119 46 1
46 247 1
119 65 1
119 132 1
132 247 1
119 82 1
82 247 1
119 145 1
119 234 1
234 247 1
234 258 1
119 256 1
256 247 1
256 258 1
119 189 1
189 247 1
119 248 1
248 80 1
119 243 1
119 143 1
119 291 1
119 244 1
119 246 1
119 280 1
280 113 1
119 117 1
117 258 1
119 76 1
119 33 1
33 258 1
119 163 1
163 258 1
119 112 1
119 206 1
206 258 1
119 231 1
119 123 1
119 230 1
119 60 1
119 40 1
40 258 1
119 106 1
106 258 1
119 209 1
209 258 1
119 48 1
119 144 1
119 155 1
119 57 1
119 281 1
281 258 1
119 196 1
196 258 1
119 102 1
102 258 1
119 17 1
17 258 1
119 12 1
12 258 1
119 79 1
119 151 1
119 68 1
119 278 1
119 198 1
119 47 1
47 258 1
119 259 1
119 158 1
119 161 1
161 258 1
119 190 1
119 96 1
96 258 1
119 108 1
108 258 1
119 154 1
119 141 1
119 137 1
119 64 1
64 258 1
119 169 1
119 162 1
162 247 1
119 89 1
89 258 1
119 239 1
239 80 1
119 30 1
30 258 1
119 221 1
221 258 1
119 41 1
41 247 1
119 20 1
119 128 1
119 71 1
71 258 1
119 101 1
119 271 1
271 258 1
119 127 1
127 258 1
119 110 1
110 258 1
119 72 1
119 90 1
119 200 1
119 140 1
119 74 1
119 202 1
202 80 1
202 258 1
119 181 1
181 258 1
119 260 1
119 23 1
23 258 1
119 171 1
119 25 1
25 258 1
119 285 1
119 78 1
119 107 1
107 258 1
119 15 1
15 258 1
119 116 1
119 93 1
119 204 1
119 179 1
119 217 1
217 247 1
119 253 1
119 147 1
147 258 1
119 49 1
49 258 1
119 138 1
160 245 1
160 184 1
160 175 1
175 247 1
160 265 1
160 85 1
85 80 1
160 180 1
180 80 1
160 223 1
223 80 1
160 37 1
37 80 1
160 53 1
53 80 1
160 87 1
87 258 1
160 104 1
104 268 1
104 80 1
210 176 1
176 50 1
176 158 1
176 193 1
193 258 1
176 171 1
176 25 1
176 179 1
210 11 1
11 121 1
11 250 1
250 258 1
210 197 1
197 150 1
197 235 1
235 247 1
197 192 1
197 183 1
55 192 1
55 182 1
182 80 1
55 236 1
55 281 1
55 68 1
55 158 1
55 169 1
24 276 1
24 192 1
14 80 1
230 67 1
230 143 1
230 293 1
67 80 1
230 291 1
230 119 1
230 246 1
230 273 1
230 280 1
230 278 1
230 165 1
165 258 1
230 49 1
136 44 1
136 46 1
136 261 1
261 247 1
136 256 1
136 192 1
136 85 1
136 112 1
136 254 1
254 258 1
136 144 1
136 196 1
136 120 1
120 258 1
136 183 1
136 181 1
136 205 1
205 80 1
34 246 1
34 273 1
149 32 1
149 229 1
229 80 1
149 246 1
149 3 1
293 19 1
19 247 1
293 230 1
58 148 1
148 178 1
58 225 1
225 34 1
58 83 1
83 52 1
52 247 1
58 7 1
7 186 1
7 28 1
7 65 1
7 82 1
7 234 1
7 212 1
212 80 1
7 143 1
7 236 1
7 106 1
7 151 1
7 191 1
191 258 1
7 137 1
7 202 1
7 10 1
7 138 1
83 186 1
83 28 1
83 234 1
83 212 1
83 236 1
83 106 1
83 137 1
83 183 1
83 138 1
58 2 1
2 232 1
232 247 1
2 192 1
225 67 1
225 208 1
208 31 1
225 170 1
225 109 1
109 80 1
225 248 1
225 291 1
225 272 1
225 8 1
8 80 1
225 262 1
262 80 1
225 227 1
225 131 1
225 75 1
225 242 1
242 80 1
225 187 1
187 80 1
225 167 1
167 31 1
148 4 1
4 247 1
148 118 1
118 247 1
148 246 1
148 60 1
148 57 1
148 191 1
31 67 1
236 186 1
236 28 1
236 65 1
236 105 1
105 247 1
236 82 1
236 234 1
236 290 1
236 143 1
236 106 1
236 48 1
236 191 1
236 91 1
91 6 1
6 207 1
170 273 1
245 185 1
245 67 1
245 267 1
267 174 1
245 32 1
245 103 1
245 236 1
245 244 1
245 119 1
245 246 1
245 33 1
245 60 1
245 1 1
245 137 1
245 77 1
77 258 1
245 203 1
245 202 1
245 23 1
245 38 1
265 267 1
265 236 1
265 244 1
265 33 1
265 60 1
265 1 1
265 137 1
265 202 1
265 23 1
58 255 1
255 149 1
255 200 1
92 279 1
58 286 1
286 235 1
58 294 1
294 150 1
294 275 1
275 247 1
294 145 1
294 88 1
88 174 1
294 192 1
294 248 1
294 291 1
294 183 1
294 100 1
272 245 1
272 4 1
272 265 1
272 109 1
272 248 1
272 291 1
272 8 1
272 262 1
272 246 1
272 187 1
272 104 1
276 76 1
276 24 1
58 282 1
282 34 1
58 133 1
133 32 1
133 121 1
133 168 1
168 258 1
133 1 1
133 137 1
58 222 1
222 192 1
58 26 1
26 103 1
58 126 1
126 119 1
58 277 1
277 264 1
264 258 1
26 1 1
222 212 1
222 143 1
222 236 1
222 280 1
222 137 1
222 233 1
222 10 1
222 138 1
