gtrieScanner Results
------------------------------------------
General Information

Start of Computation: 12h46m56s 26/04/2021
End of Computation: 12h46m56s 26/04/2021

Subgraph Size: 4
Graph File: "input/formatted_Wnt-pathlinker-net.txt"
Directed: NO
Nr Nodes: 106
Nr Edges: 220

Method: GTRIE with file containing complete g-trie
Different Types of Subgraphs Found [Original Network]: 119
Subgraph Occurrences Found [Original Network]: 167248
Time for computing census on original network: 0.013593s
Average time for census on random network: 0.000000s

Number of random networks: 0
Random seed: 1619466416
Exchanges per edge: 3
Number of tries per exchange: 10
------------------------------------------
Motif Analysis Results

Graph   Org_Freq |  Z-score |    Rnd_Avg +/-    Rnd_Dev

0110
1000
1000
1000       10461 |     0.00 |       0.00 +/-       0.00

0100
1000
1000
1000       10461 |     0.00 |       0.00 +/-       0.00

0100
1000
1000
0010        7198 |     0.00 |       0.00 +/-       0.00

0110
1000
1000
0100        7198 |     0.00 |       0.00 +/-       0.00

0001
1010
1000
1000        4080 |     0.00 |       0.00 +/-       0.00

0110
1000
1100
0100        4080 |     0.00 |       0.00 +/-       0.00

0000
1010
1000
1000        4080 |     0.00 |       0.00 +/-       0.00

0101
1000
1100
1000        4080 |     0.00 |       0.00 +/-       0.00

0110
1010
1000
1000        4080 |     0.00 |       0.00 +/-       0.00

0100
1000
1100
1000        4080 |     0.00 |       0.00 +/-       0.00

0111
1010
1000
1000        4080 |     0.00 |       0.00 +/-       0.00

0110
1001
1100
0100        4080 |     0.00 |       0.00 +/-       0.00

0110
1010
1000
0100        3649 |     0.00 |       0.00 +/-       0.00

0110
1011
1000
0100        3649 |     0.00 |       0.00 +/-       0.00

0100
1000
1000
0100        3599 |     0.00 |       0.00 +/-       0.00

0110
1001
1000
0100        3599 |     0.00 |       0.00 +/-       0.00

0110
1000
0100
1000        3549 |     0.00 |       0.00 +/-       0.00

0101
0010
1000
1000        3549 |     0.00 |       0.00 +/-       0.00

0100
0010
1000
1000        3549 |     0.00 |       0.00 +/-       0.00

0111
1000
0100
1000        3549 |     0.00 |       0.00 +/-       0.00

0000
1000
1000
1000        3487 |     0.00 |       0.00 +/-       0.00

0111
1000
1000
1000        3487 |     0.00 |       0.00 +/-       0.00

0110
1010
1000
1110        2472 |     0.00 |       0.00 +/-       0.00

0111
0011
0001
0000        2472 |     0.00 |       0.00 +/-       0.00

0111
1011
1001
1000        2472 |     0.00 |       0.00 +/-       0.00

0110
1001
1101
1100        2472 |     0.00 |       0.00 +/-       0.00

0100
1000
1101
0010        2040 |     0.00 |       0.00 +/-       0.00

0111
1010
1100
1000        2040 |     0.00 |       0.00 +/-       0.00

0110
1010
1100
1000        2040 |     0.00 |       0.00 +/-       0.00

0100
1000
1100
0010        2040 |     0.00 |       0.00 +/-       0.00

0110
1001
1000
1000        1290 |     0.00 |       0.00 +/-       0.00

0110
1011
1000
1000        1290 |     0.00 |       0.00 +/-       0.00

0100
1010
1000
1000        1290 |     0.00 |       0.00 +/-       0.00

0111
1011
1001
0110        1236 |     0.00 |       0.00 +/-       0.00

0111
1011
1101
1100        1236 |     0.00 |       0.00 +/-       0.00

0111
1010
1100
1110        1236 |     0.00 |       0.00 +/-       0.00

0100
1000
1101
1100        1236 |     0.00 |       0.00 +/-       0.00

0110
1001
1000
0010        1073 |     0.00 |       0.00 +/-       0.00

0110
1000
0100
0010        1015 |     0.00 |       0.00 +/-       0.00

0110
1000
0101
0010        1015 |     0.00 |       0.00 +/-       0.00

0111
1010
1100
1100         980 |     0.00 |       0.00 +/-       0.00

0110
1000
1100
1100         980 |     0.00 |       0.00 +/-       0.00

0100
1000
1100
1010         980 |     0.00 |       0.00 +/-       0.00

0111
1010
0001
0010         980 |     0.00 |       0.00 +/-       0.00

0110
1010
1000
0110         980 |     0.00 |       0.00 +/-       0.00

0101
1010
1001
1000         980 |     0.00 |       0.00 +/-       0.00

0110
1001
1100
0110         980 |     0.00 |       0.00 +/-       0.00

0110
1001
1101
0100         759 |     0.00 |       0.00 +/-       0.00

0100
1000
1101
1000         759 |     0.00 |       0.00 +/-       0.00

0110
1010
1000
1100         759 |     0.00 |       0.00 +/-       0.00

0111
1001
1100
0100         759 |     0.00 |       0.00 +/-       0.00

0111
1001
1100
1000         759 |     0.00 |       0.00 +/-       0.00

0110
1001
1100
1000         759 |     0.00 |       0.00 +/-       0.00

0111
1011
1100
1000         759 |     0.00 |       0.00 +/-       0.00

0111
1010
1100
0100         744 |     0.00 |       0.00 +/-       0.00

0110
1001
1100
0010         744 |     0.00 |       0.00 +/-       0.00

0101
1000
1100
0100         744 |     0.00 |       0.00 +/-       0.00

0101
1000
1100
0010         744 |     0.00 |       0.00 +/-       0.00

0111
1000
1100
0100         744 |     0.00 |       0.00 +/-       0.00

0001
1000
1100
0100         744 |     0.00 |       0.00 +/-       0.00

0111
1000
0101
0010         744 |     0.00 |       0.00 +/-       0.00

0111
1011
1000
1000         645 |     0.00 |       0.00 +/-       0.00

0011
1000
0100
0100         625 |     0.00 |       0.00 +/-       0.00

0111
1000
0100
0100         625 |     0.00 |       0.00 +/-       0.00

0111
1011
0001
0010         618 |     0.00 |       0.00 +/-       0.00

0100
1000
1001
0100         576 |     0.00 |       0.00 +/-       0.00

0110
1001
1001
0100         576 |     0.00 |       0.00 +/-       0.00

0111
1000
1100
1100         490 |     0.00 |       0.00 +/-       0.00

0100
0000
1100
1100         490 |     0.00 |       0.00 +/-       0.00

0110
1001
1100
1100         490 |     0.00 |       0.00 +/-       0.00

0110
1010
1100
1100         490 |     0.00 |       0.00 +/-       0.00

0110
1011
1001
0110         490 |     0.00 |       0.00 +/-       0.00

0110
1011
1000
0010         475 |     0.00 |       0.00 +/-       0.00

0111
1000
0100
0010         469 |     0.00 |       0.00 +/-       0.00

0110
1010
1100
1110         412 |     0.00 |       0.00 +/-       0.00

0101
1000
1101
1000         381 |     0.00 |       0.00 +/-       0.00

0110
1011
1001
0100         341 |     0.00 |       0.00 +/-       0.00

0110
1011
1000
0110         294 |     0.00 |       0.00 +/-       0.00

0110
1000
0101
1000         294 |     0.00 |       0.00 +/-       0.00

0110
1000
1000
0110         288 |     0.00 |       0.00 +/-       0.00

0110
0001
0001
0000         288 |     0.00 |       0.00 +/-       0.00

0110
1001
0001
0010         288 |     0.00 |       0.00 +/-       0.00

0110
1000
0100
1010         282 |     0.00 |       0.00 +/-       0.00

0101
1010
1001
0010         282 |     0.00 |       0.00 +/-       0.00

0111
1010
0001
1000         282 |     0.00 |       0.00 +/-       0.00

0100
1010
1000
1010         280 |     0.00 |       0.00 +/-       0.00

0110
1010
0001
1010         280 |     0.00 |       0.00 +/-       0.00

0110
1011
1000
1010         280 |     0.00 |       0.00 +/-       0.00

0100
1000
1100
1100         245 |     0.00 |       0.00 +/-       0.00

0111
1011
1100
1100         245 |     0.00 |       0.00 +/-       0.00

0110
1001
1100
1010         237 |     0.00 |       0.00 +/-       0.00

0111
1011
1100
1010         237 |     0.00 |       0.00 +/-       0.00

0110
1011
1001
1000         236 |     0.00 |       0.00 +/-       0.00

0111
1000
0101
0100         232 |     0.00 |       0.00 +/-       0.00

0110
1000
0100
1110         221 |     0.00 |       0.00 +/-       0.00

0101
0001
1100
0010         220 |     0.00 |       0.00 +/-       0.00

0110
1000
0101
1100         220 |     0.00 |       0.00 +/-       0.00

0111
1010
1000
0110         220 |     0.00 |       0.00 +/-       0.00

0101
1010
1000
0010         212 |     0.00 |       0.00 +/-       0.00

0111
1011
1000
0010         212 |     0.00 |       0.00 +/-       0.00

0111
1010
0001
0100         206 |     0.00 |       0.00 +/-       0.00

0111
1001
1100
0010         206 |     0.00 |       0.00 +/-       0.00

0111
1001
1101
0100         170 |     0.00 |       0.00 +/-       0.00

0100
1010
1001
1000         166 |     0.00 |       0.00 +/-       0.00

0111
1010
0001
0110         153 |     0.00 |       0.00 +/-       0.00

0111
1000
0101
1000         152 |     0.00 |       0.00 +/-       0.00

0111
1011
1101
1000         118 |     0.00 |       0.00 +/-       0.00

0101
1010
1000
1010         116 |     0.00 |       0.00 +/-       0.00

0111
1010
1100
0110         110 |     0.00 |       0.00 +/-       0.00

0111
1011
1001
0100         104 |     0.00 |       0.00 +/-       0.00

0110
1010
0001
1100         103 |     0.00 |       0.00 +/-       0.00

0111
1011
1100
0010         103 |     0.00 |       0.00 +/-       0.00

0110
1001
0101
1000         103 |     0.00 |       0.00 +/-       0.00

0111
1011
1101
1110         103 |     0.00 |       0.00 +/-       0.00

0111
1001
1100
0110         101 |     0.00 |       0.00 +/-       0.00

0110
1001
1001
0110          72 |     0.00 |       0.00 +/-       0.00

0111
1001
1100
1010          64 |     0.00 |       0.00 +/-       0.00

0111
0001
0100
0010          43 |     0.00 |       0.00 +/-       0.00

0110
1001
0101
1010          17 |     0.00 |       0.00 +/-       0.00

0110
1000
0001
0110           0 |     0.00 |       0.00 +/-       0.00

0111
1001
0100
0000           0 |     0.00 |       0.00 +/-       0.00

0111
1001
1000
0000           0 |     0.00 |       0.00 +/-       0.00

0111
1001
1100
0000           0 |     0.00 |       0.00 +/-       0.00

0100
1000
1001
0000           0 |     0.00 |       0.00 +/-       0.00

0100
0001
1000
0010           0 |     0.00 |       0.00 +/-       0.00

0111
1010
0000
0000           0 |     0.00 |       0.00 +/-       0.00

0111
1010
0000
0010           0 |     0.00 |       0.00 +/-       0.00

0111
1010
0000
0110           0 |     0.00 |       0.00 +/-       0.00

0111
1010
0000
1010           0 |     0.00 |       0.00 +/-       0.00

0111
1010
0001
0000           0 |     0.00 |       0.00 +/-       0.00

0100
0001
1000
0000           0 |     0.00 |       0.00 +/-       0.00

0111
1010
1000
0000           0 |     0.00 |       0.00 +/-       0.00

0111
1010
1000
0100           0 |     0.00 |       0.00 +/-       0.00

0011
1010
0000
1000           0 |     0.00 |       0.00 +/-       0.00

0111
1010
1100
0000           0 |     0.00 |       0.00 +/-       0.00

0011
1010
0000
0110           0 |     0.00 |       0.00 +/-       0.00

0011
1010
0000
0000           0 |     0.00 |       0.00 +/-       0.00

0011
1001
0100
0000           0 |     0.00 |       0.00 +/-       0.00

0011
1000
0000
0000           0 |     0.00 |       0.00 +/-       0.00

0111
1011
0000
0000           0 |     0.00 |       0.00 +/-       0.00

0111
1011
0001
0000           0 |     0.00 |       0.00 +/-       0.00

0010
1010
0000
1000           0 |     0.00 |       0.00 +/-       0.00

0111
1011
1000
0000           0 |     0.00 |       0.00 +/-       0.00

0111
1011
1000
0100           0 |     0.00 |       0.00 +/-       0.00

0010
1001
0100
1000           0 |     0.00 |       0.00 +/-       0.00

0111
1011
1001
0000           0 |     0.00 |       0.00 +/-       0.00

0010
1001
0000
0000           0 |     0.00 |       0.00 +/-       0.00

0001
1010
1000
0000           0 |     0.00 |       0.00 +/-       0.00

0111
1011
1100
0000           0 |     0.00 |       0.00 +/-       0.00

0001
1000
1000
0000           0 |     0.00 |       0.00 +/-       0.00

0111
1011
1101
0000           0 |     0.00 |       0.00 +/-       0.00

0110
1000
0101
0000           0 |     0.00 |       0.00 +/-       0.00

0000
1000
1000
0100           0 |     0.00 |       0.00 +/-       0.00

0110
1000
0001
0000           0 |     0.00 |       0.00 +/-       0.00

0110
1000
0000
0010           0 |     0.00 |       0.00 +/-       0.00

0110
0010
0000
1000           0 |     0.00 |       0.00 +/-       0.00

0110
1001
0000
0000           0 |     0.00 |       0.00 +/-       0.00

0110
1001
0001
0000           0 |     0.00 |       0.00 +/-       0.00

0110
1001
0100
1000           0 |     0.00 |       0.00 +/-       0.00

0110
1001
1000
0000           0 |     0.00 |       0.00 +/-       0.00

0110
0001
0000
0010           0 |     0.00 |       0.00 +/-       0.00

0110
0000
0000
0110           0 |     0.00 |       0.00 +/-       0.00

0110
1001
1001
0000           0 |     0.00 |       0.00 +/-       0.00

0101
1010
1001
0000           0 |     0.00 |       0.00 +/-       0.00

0110
1001
1100
0000           0 |     0.00 |       0.00 +/-       0.00

0101
1010
1000
0000           0 |     0.00 |       0.00 +/-       0.00

0101
1001
1100
0000           0 |     0.00 |       0.00 +/-       0.00

0101
1000
1101
0000           0 |     0.00 |       0.00 +/-       0.00

0110
1010
0000
0010           0 |     0.00 |       0.00 +/-       0.00

0110
1010
0000
1000           0 |     0.00 |       0.00 +/-       0.00

0110
1010
0000
1010           0 |     0.00 |       0.00 +/-       0.00

0110
1010
0000
1110           0 |     0.00 |       0.00 +/-       0.00

0110
1010
0001
0000           0 |     0.00 |       0.00 +/-       0.00

0110
1010
0001
0010           0 |     0.00 |       0.00 +/-       0.00

0110
1010
0001
1000           0 |     0.00 |       0.00 +/-       0.00

0101
1000
1100
0000           0 |     0.00 |       0.00 +/-       0.00

0101
1000
1000
0000           0 |     0.00 |       0.00 +/-       0.00

0101
0010
1000
0000           0 |     0.00 |       0.00 +/-       0.00

0101
0001
1100
0000           0 |     0.00 |       0.00 +/-       0.00

0101
0000
1100
0100           0 |     0.00 |       0.00 +/-       0.00

0000
1001
1000
0000           0 |     0.00 |       0.00 +/-       0.00

0110
1011
1000
0000           0 |     0.00 |       0.00 +/-       0.00

0110
1011
1001
0000           0 |     0.00 |       0.00 +/-       0.00

0111
0000
0000
0000           0 |     0.00 |       0.00 +/-       0.00

0111
0000
0100
0100           0 |     0.00 |       0.00 +/-       0.00

0111
0001
0100
0000           0 |     0.00 |       0.00 +/-       0.00

0111
0010
0000
0000           0 |     0.00 |       0.00 +/-       0.00

0111
0010
0000
1000           0 |     0.00 |       0.00 +/-       0.00

0111
0011
0000
0000           0 |     0.00 |       0.00 +/-       0.00

0100
1001
1001
0000           0 |     0.00 |       0.00 +/-       0.00

0111
1000
0000
0000           0 |     0.00 |       0.00 +/-       0.00

0111
1000
0100
0000           0 |     0.00 |       0.00 +/-       0.00

0100
1001
1000
0010           0 |     0.00 |       0.00 +/-       0.00

0100
1001
1000
0000           0 |     0.00 |       0.00 +/-       0.00

0111
1000
0101
0000           0 |     0.00 |       0.00 +/-       0.00

0100
1000
1101
0000           0 |     0.00 |       0.00 +/-       0.00

0111
1000
0101
0110           0 |     0.00 |       0.00 +/-       0.00

0111
1000
1000
0000           0 |     0.00 |       0.00 +/-       0.00

0100
1000
1001
0010           0 |     0.00 |       0.00 +/-       0.00

