gtrieScanner Results
------------------------------------------
General Information

Start of Computation: 12h46m30s 26/04/2021
End of Computation: 12h46m30s 26/04/2021

Subgraph Size: 4
Graph File: "input/formatted_Edged_dag-wnt-cost1-300.txt"
Directed: NO
Nr Nodes: 104
Nr Edges: 375

Method: GTRIE with file containing complete g-trie
Different Types of Subgraphs Found [Original Network]: 119
Subgraph Occurrences Found [Original Network]: 1042413
Time for computing census on original network: 0.045637s
Average time for census on random network: 0.000000s

Number of random networks: 0
Random seed: 1619466390
Exchanges per edge: 3
Number of tries per exchange: 10
------------------------------------------
Motif Analysis Results

Graph   Org_Freq |  Z-score |    Rnd_Avg +/-    Rnd_Dev

0100
1000
1000
1000      152934 |     0.00 |       0.00 +/-       0.00

0110
1000
1000
1000      152934 |     0.00 |       0.00 +/-       0.00

0111
1000
1000
1000       50978 |     0.00 |       0.00 +/-       0.00

0000
1000
1000
1000       50978 |     0.00 |       0.00 +/-       0.00

0100
1000
1000
0010       31396 |     0.00 |       0.00 +/-       0.00

0110
1000
1000
0100       31396 |     0.00 |       0.00 +/-       0.00

0000
1010
1000
1000       20788 |     0.00 |       0.00 +/-       0.00

0110
1010
1000
1000       20788 |     0.00 |       0.00 +/-       0.00

0001
1010
1000
1000       20788 |     0.00 |       0.00 +/-       0.00

0101
1000
1100
1000       20788 |     0.00 |       0.00 +/-       0.00

0110
1000
1100
0100       20788 |     0.00 |       0.00 +/-       0.00

0100
1000
1100
1000       20788 |     0.00 |       0.00 +/-       0.00

0110
1001
1100
0100       20788 |     0.00 |       0.00 +/-       0.00

0111
1010
1000
1000       20788 |     0.00 |       0.00 +/-       0.00

0110
1010
1000
0100       16378 |     0.00 |       0.00 +/-       0.00

0110
1011
1000
0100       16378 |     0.00 |       0.00 +/-       0.00

0110
1001
1000
0100       15698 |     0.00 |       0.00 +/-       0.00

0100
1000
1000
0100       15698 |     0.00 |       0.00 +/-       0.00

0111
1000
0100
1000       15018 |     0.00 |       0.00 +/-       0.00

0110
1000
0100
1000       15018 |     0.00 |       0.00 +/-       0.00

0100
0010
1000
1000       15018 |     0.00 |       0.00 +/-       0.00

0101
0010
1000
1000       15018 |     0.00 |       0.00 +/-       0.00

0110
1001
1001
0100       10592 |     0.00 |       0.00 +/-       0.00

0100
1000
1001
0100       10592 |     0.00 |       0.00 +/-       0.00

0111
1010
1100
1000       10394 |     0.00 |       0.00 +/-       0.00

0110
1010
1100
1000       10394 |     0.00 |       0.00 +/-       0.00

0100
1000
1100
0010       10394 |     0.00 |       0.00 +/-       0.00

0100
1000
1101
0010       10394 |     0.00 |       0.00 +/-       0.00

0110
1000
0101
0010        8184 |     0.00 |       0.00 +/-       0.00

0110
1000
0100
0010        8184 |     0.00 |       0.00 +/-       0.00

0100
1010
1000
1000        6738 |     0.00 |       0.00 +/-       0.00

0110
1011
1000
1000        6738 |     0.00 |       0.00 +/-       0.00

0110
1001
1000
1000        6738 |     0.00 |       0.00 +/-       0.00

0110
1011
1000
0110        5599 |     0.00 |       0.00 +/-       0.00

0110
1001
1000
0010        5512 |     0.00 |       0.00 +/-       0.00

0110
0001
0001
0000        5296 |     0.00 |       0.00 +/-       0.00

0110
1000
1000
0110        5296 |     0.00 |       0.00 +/-       0.00

0110
1001
0001
0010        5296 |     0.00 |       0.00 +/-       0.00

0110
1000
0100
1010        4993 |     0.00 |       0.00 +/-       0.00

0111
1010
0001
1000        4993 |     0.00 |       0.00 +/-       0.00

0101
1010
1001
0010        4993 |     0.00 |       0.00 +/-       0.00

0100
1000
1100
1010        4664 |     0.00 |       0.00 +/-       0.00

0111
1010
1100
1100        4664 |     0.00 |       0.00 +/-       0.00

0110
1000
1100
1100        4664 |     0.00 |       0.00 +/-       0.00

0111
1010
0001
0010        4664 |     0.00 |       0.00 +/-       0.00

0101
1010
1001
1000        4664 |     0.00 |       0.00 +/-       0.00

0110
1010
1000
0110        4664 |     0.00 |       0.00 +/-       0.00

0110
1001
1100
0110        4664 |     0.00 |       0.00 +/-       0.00

0100
1010
1001
1000        3370 |     0.00 |       0.00 +/-       0.00

0111
1011
1000
1000        3369 |     0.00 |       0.00 +/-       0.00

0111
1000
0100
0100        2655 |     0.00 |       0.00 +/-       0.00

0011
1000
0100
0100        2655 |     0.00 |       0.00 +/-       0.00

0110
1011
1000
0010        2500 |     0.00 |       0.00 +/-       0.00

0111
1011
1001
1000        2496 |     0.00 |       0.00 +/-       0.00

0111
0011
0001
0000        2496 |     0.00 |       0.00 +/-       0.00

0110
1010
1000
1110        2496 |     0.00 |       0.00 +/-       0.00

0110
1001
1101
1100        2496 |     0.00 |       0.00 +/-       0.00

0110
1010
1100
1100        2332 |     0.00 |       0.00 +/-       0.00

0110
1001
1100
1100        2332 |     0.00 |       0.00 +/-       0.00

0110
1011
1001
0110        2332 |     0.00 |       0.00 +/-       0.00

0100
0000
1100
1100        2332 |     0.00 |       0.00 +/-       0.00

0111
1000
1100
1100        2332 |     0.00 |       0.00 +/-       0.00

0111
1001
1100
0100        2181 |     0.00 |       0.00 +/-       0.00

0111
1001
1100
1000        2181 |     0.00 |       0.00 +/-       0.00

0100
1000
1101
1000        2181 |     0.00 |       0.00 +/-       0.00

0110
1010
1000
1100        2181 |     0.00 |       0.00 +/-       0.00

0111
1011
1100
1000        2181 |     0.00 |       0.00 +/-       0.00

0110
1001
1100
1000        2181 |     0.00 |       0.00 +/-       0.00

0110
1001
1101
0100        2181 |     0.00 |       0.00 +/-       0.00

0111
1000
0100
0010        2114 |     0.00 |       0.00 +/-       0.00

0111
1010
1100
0100        1691 |     0.00 |       0.00 +/-       0.00

0001
1000
1100
0100        1691 |     0.00 |       0.00 +/-       0.00

0101
1000
1100
0010        1691 |     0.00 |       0.00 +/-       0.00

0101
1000
1100
0100        1691 |     0.00 |       0.00 +/-       0.00

0110
1001
1100
0010        1691 |     0.00 |       0.00 +/-       0.00

0111
1000
0101
0010        1691 |     0.00 |       0.00 +/-       0.00

0111
1000
1100
0100        1691 |     0.00 |       0.00 +/-       0.00

0110
1001
1100
1010        1592 |     0.00 |       0.00 +/-       0.00

0111
1011
1100
1010        1592 |     0.00 |       0.00 +/-       0.00

0110
1011
1001
0100        1546 |     0.00 |       0.00 +/-       0.00

0110
1000
0101
1100        1376 |     0.00 |       0.00 +/-       0.00

0101
0001
1100
0010        1376 |     0.00 |       0.00 +/-       0.00

0111
1010
1000
0110        1376 |     0.00 |       0.00 +/-       0.00

0110
1001
1001
0110        1324 |     0.00 |       0.00 +/-       0.00

0110
1010
0001
1010        1306 |     0.00 |       0.00 +/-       0.00

0100
1010
1000
1010        1306 |     0.00 |       0.00 +/-       0.00

0110
1011
1000
1010        1306 |     0.00 |       0.00 +/-       0.00

0110
1011
1001
1000        1268 |     0.00 |       0.00 +/-       0.00

0110
1000
0101
1000        1256 |     0.00 |       0.00 +/-       0.00

0111
1011
1001
0110        1248 |     0.00 |       0.00 +/-       0.00

0100
1000
1101
1100        1248 |     0.00 |       0.00 +/-       0.00

0111
1011
1101
1100        1248 |     0.00 |       0.00 +/-       0.00

0111
1010
1100
1110        1248 |     0.00 |       0.00 +/-       0.00

0101
1010
1000
0010        1221 |     0.00 |       0.00 +/-       0.00

0111
1011
1000
0010        1221 |     0.00 |       0.00 +/-       0.00

0111
1001
1101
0100        1192 |     0.00 |       0.00 +/-       0.00

0100
1000
1100
1100        1166 |     0.00 |       0.00 +/-       0.00

0111
1011
1100
1100        1166 |     0.00 |       0.00 +/-       0.00

0101
1000
1101
1000        1156 |     0.00 |       0.00 +/-       0.00

0111
1011
1001
0100        1119 |     0.00 |       0.00 +/-       0.00

0110
1000
0100
1110        1060 |     0.00 |       0.00 +/-       0.00

0111
1000
0101
0100        1034 |     0.00 |       0.00 +/-       0.00

0111
1010
0001
0110         896 |     0.00 |       0.00 +/-       0.00

0111
1001
1100
0010         882 |     0.00 |       0.00 +/-       0.00

0111
1001
1100
0110         844 |     0.00 |       0.00 +/-       0.00

0111
1010
0001
0100         835 |     0.00 |       0.00 +/-       0.00

0110
1001
0101
1000         805 |     0.00 |       0.00 +/-       0.00

0111
1010
1100
0110         688 |     0.00 |       0.00 +/-       0.00

0111
1001
1100
1010         646 |     0.00 |       0.00 +/-       0.00

0111
1011
1101
1000         634 |     0.00 |       0.00 +/-       0.00

0111
1011
0001
0010         624 |     0.00 |       0.00 +/-       0.00

0101
1010
1000
1010         579 |     0.00 |       0.00 +/-       0.00

0111
1000
0101
1000         520 |     0.00 |       0.00 +/-       0.00

0111
1011
1100
0010         441 |     0.00 |       0.00 +/-       0.00

0110
1010
0001
1100         441 |     0.00 |       0.00 +/-       0.00

0110
1010
1100
1110         416 |     0.00 |       0.00 +/-       0.00

0111
0001
0100
0010         325 |     0.00 |       0.00 +/-       0.00

0110
1001
0101
1010         259 |     0.00 |       0.00 +/-       0.00

0111
1011
1101
1110         104 |     0.00 |       0.00 +/-       0.00

0111
1000
0100
0000           0 |     0.00 |       0.00 +/-       0.00

0100
1000
1001
0010           0 |     0.00 |       0.00 +/-       0.00

0100
1000
1001
0000           0 |     0.00 |       0.00 +/-       0.00

0100
0001
1000
0010           0 |     0.00 |       0.00 +/-       0.00

0111
1000
0101
0000           0 |     0.00 |       0.00 +/-       0.00

0111
1000
0101
0110           0 |     0.00 |       0.00 +/-       0.00

0111
1000
1000
0000           0 |     0.00 |       0.00 +/-       0.00

0100
0001
1000
0000           0 |     0.00 |       0.00 +/-       0.00

0011
1010
0000
1000           0 |     0.00 |       0.00 +/-       0.00

0111
1001
0100
0000           0 |     0.00 |       0.00 +/-       0.00

0111
1001
1000
0000           0 |     0.00 |       0.00 +/-       0.00

0111
1001
1100
0000           0 |     0.00 |       0.00 +/-       0.00

0011
1010
0000
0110           0 |     0.00 |       0.00 +/-       0.00

0011
1010
0000
0000           0 |     0.00 |       0.00 +/-       0.00

0111
1010
0000
0000           0 |     0.00 |       0.00 +/-       0.00

0111
1010
0000
0010           0 |     0.00 |       0.00 +/-       0.00

0111
1010
0000
0110           0 |     0.00 |       0.00 +/-       0.00

0111
1010
0000
1010           0 |     0.00 |       0.00 +/-       0.00

0111
1010
0001
0000           0 |     0.00 |       0.00 +/-       0.00

0011
1001
0100
0000           0 |     0.00 |       0.00 +/-       0.00

0011
1000
0000
0000           0 |     0.00 |       0.00 +/-       0.00

0111
1010
1000
0000           0 |     0.00 |       0.00 +/-       0.00

0111
1010
1000
0100           0 |     0.00 |       0.00 +/-       0.00

0010
1010
0000
1000           0 |     0.00 |       0.00 +/-       0.00

0111
1010
1100
0000           0 |     0.00 |       0.00 +/-       0.00

0000
1000
1000
0100           0 |     0.00 |       0.00 +/-       0.00

0010
1001
0100
1000           0 |     0.00 |       0.00 +/-       0.00

0010
1001
0000
0000           0 |     0.00 |       0.00 +/-       0.00

0111
1011
0000
0000           0 |     0.00 |       0.00 +/-       0.00

0111
1011
0001
0000           0 |     0.00 |       0.00 +/-       0.00

0111
1011
1000
0000           0 |     0.00 |       0.00 +/-       0.00

0111
1011
1000
0100           0 |     0.00 |       0.00 +/-       0.00

0001
1010
1000
0000           0 |     0.00 |       0.00 +/-       0.00

0111
1011
1001
0000           0 |     0.00 |       0.00 +/-       0.00

0001
1000
1000
0000           0 |     0.00 |       0.00 +/-       0.00

0111
1011
1100
0000           0 |     0.00 |       0.00 +/-       0.00

0000
1001
1000
0000           0 |     0.00 |       0.00 +/-       0.00

0111
1011
1101
0000           0 |     0.00 |       0.00 +/-       0.00

0110
1000
0101
0000           0 |     0.00 |       0.00 +/-       0.00

0110
1000
0001
0110           0 |     0.00 |       0.00 +/-       0.00

0110
1000
0001
0000           0 |     0.00 |       0.00 +/-       0.00

0110
1001
0000
0000           0 |     0.00 |       0.00 +/-       0.00

0110
1001
0001
0000           0 |     0.00 |       0.00 +/-       0.00

0110
1000
0000
0010           0 |     0.00 |       0.00 +/-       0.00

0110
1001
0100
1000           0 |     0.00 |       0.00 +/-       0.00

0110
1001
1000
0000           0 |     0.00 |       0.00 +/-       0.00

0110
0010
0000
1000           0 |     0.00 |       0.00 +/-       0.00

0110
0001
0000
0010           0 |     0.00 |       0.00 +/-       0.00

0110
0000
0000
0110           0 |     0.00 |       0.00 +/-       0.00

0110
1001
1001
0000           0 |     0.00 |       0.00 +/-       0.00

0101
1010
1001
0000           0 |     0.00 |       0.00 +/-       0.00

0110
1001
1100
0000           0 |     0.00 |       0.00 +/-       0.00

0101
1010
1000
0000           0 |     0.00 |       0.00 +/-       0.00

0101
1001
1100
0000           0 |     0.00 |       0.00 +/-       0.00

0101
1000
1101
0000           0 |     0.00 |       0.00 +/-       0.00

0110
1010
0000
0010           0 |     0.00 |       0.00 +/-       0.00

0110
1010
0000
1000           0 |     0.00 |       0.00 +/-       0.00

0110
1010
0000
1010           0 |     0.00 |       0.00 +/-       0.00

0110
1010
0000
1110           0 |     0.00 |       0.00 +/-       0.00

0110
1010
0001
0000           0 |     0.00 |       0.00 +/-       0.00

0110
1010
0001
0010           0 |     0.00 |       0.00 +/-       0.00

0110
1010
0001
1000           0 |     0.00 |       0.00 +/-       0.00

0101
1000
1100
0000           0 |     0.00 |       0.00 +/-       0.00

0101
1000
1000
0000           0 |     0.00 |       0.00 +/-       0.00

0101
0010
1000
0000           0 |     0.00 |       0.00 +/-       0.00

0101
0001
1100
0000           0 |     0.00 |       0.00 +/-       0.00

0101
0000
1100
0100           0 |     0.00 |       0.00 +/-       0.00

0110
1011
1000
0000           0 |     0.00 |       0.00 +/-       0.00

0100
1001
1001
0000           0 |     0.00 |       0.00 +/-       0.00

0100
1001
1000
0010           0 |     0.00 |       0.00 +/-       0.00

0100
1001
1000
0000           0 |     0.00 |       0.00 +/-       0.00

0110
1011
1001
0000           0 |     0.00 |       0.00 +/-       0.00

0100
1000
1101
0000           0 |     0.00 |       0.00 +/-       0.00

0111
0000
0000
0000           0 |     0.00 |       0.00 +/-       0.00

0111
0000
0100
0100           0 |     0.00 |       0.00 +/-       0.00

0111
0001
0100
0000           0 |     0.00 |       0.00 +/-       0.00

0111
0010
0000
0000           0 |     0.00 |       0.00 +/-       0.00

0111
0010
0000
1000           0 |     0.00 |       0.00 +/-       0.00

0111
0011
0000
0000           0 |     0.00 |       0.00 +/-       0.00

0111
1000
0000
0000           0 |     0.00 |       0.00 +/-       0.00

